Statistics for log parsed from ../SyntheticData/testTraces.log, anomalies detected
Num traces (N): 	200
Accuracy:          	0.68  (68.0%)
Error rate:         	0.32  (32.0%)
Recall:              	0.6  (60.0%)
Precision:          	0.09090909090909091  (9.09%)
True positives:   	6	[30, 41, 83, 120, 129, 143]
False positives:  	60	[1, 10, 12, 13, 19, 22, 23, 29, 35, 36, 38, 44, 47, 50, 51, 52, 53, 55, 56, 58, 68, 72, 82, 84, 86, 87, 89, 92, 93, 94, 99, 104, 107, 108, 111, 112, 115, 117, 118, 125, 136, 141, 142, 147, 149, 150, 152, 154, 157, 162, 164, 165, 168, 169, 170, 173, 175, 176, 182, 188]
True negatives: 	130	[2, 3, 4, 5, 6, 7, 8, 9, 11, 14, 15, 16, 17, 18, 20, 21, 24, 25, 26, 28, 31, 32, 34, 37, 39, 40, 42, 43, 45, 46, 49, 54, 57, 59, 60, 61, 62, 63, 64, 65, 66, 67, 69, 70, 71, 73, 74, 75, 76, 77, 78, 79, 80, 81, 85, 88, 90, 91, 95, 96, 97, 98, 100, 101, 102, 103, 105, 106, 109, 110, 113, 114, 116, 119, 121, 122, 123, 124, 126, 127, 128, 130, 131, 132, 133, 134, 135, 137, 138, 139, 140, 144, 145, 146, 148, 151, 153, 155, 156, 158, 159, 160, 161, 163, 166, 167, 171, 172, 174, 177, 178, 179, 180, 181, 183, 184, 185, 186, 187, 189, 190, 191, 192, 193, 195, 196, 197, 198, 199, 200]
False negatives: 	4	[27, 33, 48, 194]
