Statistics for log parsed from ../SyntheticData/testTraces.log, anomalies detected
Num traces (N): 	200
Accuracy:          	0.095  (9.5%)
Error rate:         	0.905  (90.5%)
Recall:              	0.8125  (81.25%)
Precision:          	0.06806282722513089  (6.8%)
True positives:   	13	[27, 30, 34, 94, 108, 111, 119, 122, 156, 159, 164, 178, 194]
False positives:  	178	[1, 2, 3, 5, 6, 7, 9, 10, 11, 13, 14, 15, 16, 17, 18, 19, 20, 21, 22, 23, 24, 25, 26, 28, 29, 31, 32, 33, 35, 36, 37, 38, 39, 40, 41, 42, 43, 44, 45, 46, 47, 48, 49, 50, 51, 52, 53, 54, 55, 56, 57, 58, 59, 60, 61, 62, 64, 65, 66, 67, 68, 69, 70, 71, 72, 73, 74, 76, 79, 80, 81, 82, 83, 84, 85, 86, 88, 89, 90, 91, 92, 93, 95, 96, 97, 98, 99, 100, 101, 102, 103, 104, 105, 106, 107, 109, 110, 112, 113, 114, 115, 116, 117, 118, 120, 121, 123, 124, 125, 126, 127, 128, 129, 131, 132, 133, 134, 135, 136, 137, 138, 139, 140, 141, 142, 143, 144, 145, 146, 147, 148, 149, 150, 151, 152, 153, 154, 155, 157, 158, 160, 161, 162, 163, 165, 166, 167, 168, 169, 170, 171, 172, 173, 174, 175, 176, 177, 179, 180, 181, 182, 183, 184, 185, 186, 187, 188, 189, 190, 191, 192, 193, 195, 196, 197, 198, 199, 200]
True negatives: 	6	[4, 8, 12, 63, 75, 77]
False negatives: 	3	[78, 87, 130]
